{
 "cells": [
  {
   "cell_type": "code",
   "id": "initial_id",
   "metadata": {
    "collapsed": true,
    "ExecuteTime": {
     "end_time": "2026-02-28T16:57:22.408911Z",
     "start_time": "2026-02-28T16:57:01.624849Z"
    }
   },
   "source": [
    "import torch\n",
    "import ase\n",
    "import torch_sim as ts\n",
    "from ase import Atoms\n",
    "import numpy as np\n",
    "from torch_sim import fire_init, fire_step, gradient_descent_init, gradient_descent_step\n",
    "from torch_sim.models.fumi_tosi import   FumiTosiModel\n",
    "from torch_sim.models.lennard_jones import LennardJonesModel\n",
    "# Based on combination of these:\n",
    "# https://pubs.aip.org/aip/jcp/article/130/4/044505/932975/Thermal-conductivity-of-molten-alkali-halides\n",
    "# https://www.sciencedirect.com/science/article/pii/S2352152X22007204\n",
    "device = torch.device(\"cuda\" if torch.cuda.is_available() else \"cpu\")\n",
    "# LiCl Salt Setup\n",
    "a = torch.tensor([0.421999990940094, 0.29010000824928284, 0.1581999957561493], device=torch.device(device))\n",
    "c = torch.tensor([0.045570001006126404, 1.2484999895095825, 69.29000091552734], device=torch.device(device))\n",
    "d = torch.tensor([0.018727000802755356, 1.4982000589370728, 139.2100067138672], device=torch.device(device))\n",
    "licl_model = FumiTosiModel(\n",
    "    atomic_number_zi=3,                                # Atomic number of Li\n",
    "    ionic_charge_i= 1,                                 # ionic charge of Li\n",
    "    ionic_charge_j= -1,                                # ionic charge of Cl\n",
    "    sigma_ij= torch.tensor([1.632, 2.401, 3.170]),     # sigma_ij (in Å) for Li-Li, Li-Cl & Cl-Cl pairs\n",
    "    a=a,                                               # Aij (in eV)\n",
    "    b= torch.tensor([2.9200], device=torch.device(device)),                         # B (in Å^(-1))\n",
    "    c=c,                                                # Cij (in eV * Å^(6))\n",
    "    d=d,                                                # Dij (in eV * Å^8)\n",
    "    rc=7,                                               # radial cutoff (in Å)\n",
    "    device=torch.device(device),\n",
    "    dtype=torch.float64,\n",
    "    compute_forces=True,\n",
    "    compute_stress=True,\n",
    "    per_atom_energies=True,\n",
    "    per_atom_stresses=True,\n",
    "    use_neighbor_list=True,\n",
    ")\n",
    "\n",
    "# Create a system with 20 LiCl particles\n",
    "positions = torch.randint(0, 10, (20,3)) * torch.rand(20, 3)\n",
    "symbols = ['Li']*10 + ['Cl']*10\n",
    "cell = [10,10,10]\n",
    "atoms = Atoms(symbols=symbols, positions=positions, cell=cell, pbc=True)\n",
    "licl_system = ts.initialize_state(atoms, device=torch.device(device), dtype=torch.float64)\n",
    "\n",
    "licl_system = ts.integrate(\n",
    "    system=licl_system,\n",
    "    model= licl_model,\n",
    "    n_steps=5000,\n",
    "    temperature=600, # in kelvin\n",
    "    timestep=0.00001, # in ps\n",
    "    integrator=ts.Integrator.nve,\n",
    ")\n",
    "output = licl_model(licl_system)\n",
    "# Output has the following keys:\n",
    "# 'energy': total potential energy of the system, 'energies': atom-wise potential energy\n",
    "# 'forcees': per-atom force, 'stress': stress on the system, 'stresses': per-atom stress.\n",
    "print(output)\n",
    "\n",
    "licl_system = ts.runners.optimize(\n",
    "    system=licl_system,\n",
    "    model = licl_model,\n",
    "    optimizer= (fire_init, fire_step),\n",
    "    convergence_fn=ts.runners.generate_energy_convergence_fn(energy_tol=1e-6),\n",
    ")\n",
    "preoptimization_energy = output['energy'].item()\n",
    "postoptimization_energy = licl_model(licl_system)['energy'].item()\n",
    "print(\"Did we optimize the system?\", postoptimization_energy < preoptimization_energy)\n",
    "print(\"This is preoptimization energy\", preoptimization_energy)\n",
    "print(\"This is postoptimization energy\", postoptimization_energy)"
   ],
   "outputs": [
    {
     "name": "stdout",
     "output_type": "stream",
     "text": [
      "{'energy': tensor([27.9324], dtype=torch.float64), 'energies': tensor([ 0.0239,  5.6636,  4.7068,  0.0170,  0.1193,  0.0290,  0.2971,  0.2784,\n",
      "         0.0436,  3.5177,  0.0856,  0.9956,  2.3998,  0.0180,  0.2028,  6.6840,\n",
      "         8.9998,  3.3528,  3.6000, 14.8300], dtype=torch.float64), 'forces': tensor([[ 9.3203e-03,  9.2086e-02, -6.6006e-02],\n",
      "        [-1.0395e+01, -1.4705e+01, -2.5469e+01],\n",
      "        [-1.1059e+01,  5.3042e+00, -1.0041e+01],\n",
      "        [-2.6080e-02, -4.0751e-02,  2.9033e-02],\n",
      "        [-2.3551e-01, -8.8067e-02, -3.3546e-01],\n",
      "        [-2.3644e-02,  1.0706e-01,  2.6926e-02],\n",
      "        [-1.3286e+00, -1.9594e-01, -2.8301e-01],\n",
      "        [-2.3126e-02, -1.0675e+00,  1.2150e+00],\n",
      "        [ 9.3586e-02, -3.7158e-02, -1.1709e-01],\n",
      "        [-1.1137e+01, -5.4684e+00, -1.4932e+01],\n",
      "        [-1.9376e-01, -7.6846e-01,  1.9930e-01],\n",
      "        [ 3.3729e-01, -1.6959e+00, -5.1067e-01],\n",
      "        [-1.8712e+00,  4.8682e+00,  8.6189e+00],\n",
      "        [-8.6120e-02,  1.4461e-01, -3.8343e-01],\n",
      "        [ 3.8845e-01,  7.2063e-01,  2.2183e-01],\n",
      "        [-1.0491e+01, -9.9051e-01,  2.8025e+01],\n",
      "        [-2.5475e+00,  3.5676e+01, -1.2007e+01],\n",
      "        [ 1.6528e+01, -9.0789e+00,  3.5051e+00],\n",
      "        [ 1.1919e+01,  6.5671e+00,  1.3993e+01],\n",
      "        [ 2.0143e+01, -1.9343e+01,  8.3113e+00]], dtype=torch.float64), 'stresses': tensor([[[-3.6442e-05, -2.6951e-05,  1.2134e-05],\n",
      "         [-2.6951e-05, -1.3159e-04,  8.6182e-05],\n",
      "         [ 1.2134e-05,  8.6182e-05, -8.5664e-05]],\n",
      "\n",
      "        [[-2.4803e-03, -3.2496e-03, -6.0345e-03],\n",
      "         [-3.2496e-03, -5.2909e-03, -8.1627e-03],\n",
      "         [-6.0345e-03, -8.1627e-03, -1.5207e-02]],\n",
      "\n",
      "        [[-1.2703e-02,  6.3086e-03,  4.0536e-04],\n",
      "         [ 6.3086e-03, -4.5064e-03,  3.8603e-04],\n",
      "         [ 4.0536e-04,  3.8603e-04, -6.2028e-03]],\n",
      "\n",
      "        [[-3.3369e-05, -3.0603e-05,  6.4051e-06],\n",
      "         [-3.0603e-05, -6.1848e-05,  4.1194e-05],\n",
      "         [ 6.4051e-06,  4.1194e-05, -6.7383e-05]],\n",
      "\n",
      "        [[-2.1357e-04, -1.8622e-04, -2.8397e-04],\n",
      "         [-1.8622e-04, -2.9965e-04, -1.5263e-04],\n",
      "         [-2.8397e-04, -1.5263e-04, -5.4956e-04]],\n",
      "\n",
      "        [[-4.3872e-05,  2.6252e-05,  6.6029e-05],\n",
      "         [ 2.6252e-05, -1.1136e-04, -2.4683e-05],\n",
      "         [ 6.6029e-05, -2.4683e-05, -1.2364e-04]],\n",
      "\n",
      "        [[-1.8271e-03, -3.7019e-04, -2.5216e-04],\n",
      "         [-3.7019e-04, -2.9627e-04,  8.0710e-05],\n",
      "         [-2.5216e-04,  8.0710e-05, -1.6993e-04]],\n",
      "\n",
      "        [[-1.6057e-05, -2.1848e-05,  1.9947e-05],\n",
      "         [-2.1848e-05, -8.5687e-04,  9.7172e-04],\n",
      "         [ 1.9947e-05,  9.7172e-04, -1.1115e-03]],\n",
      "\n",
      "        [[-1.1933e-04,  3.7545e-05,  3.8560e-05],\n",
      "         [ 3.7545e-05, -1.6118e-04, -2.8465e-05],\n",
      "         [ 3.8560e-05, -2.8465e-05, -1.4268e-04]],\n",
      "\n",
      "        [[-5.9576e-03, -2.6631e-03, -6.5052e-03],\n",
      "         [-2.6631e-03, -1.3695e-03, -3.1453e-03],\n",
      "         [-6.5052e-03, -3.1453e-03, -8.7072e-03]],\n",
      "\n",
      "        [[-5.1454e-05, -2.8650e-04,  4.9178e-05],\n",
      "         [-2.8650e-04, -1.0455e-03,  2.8362e-04],\n",
      "         [ 4.9178e-05,  2.8362e-04, -9.9534e-05]],\n",
      "\n",
      "        [[-2.6536e-03, -1.4175e-03, -3.6888e-04],\n",
      "         [-1.4175e-03, -4.3719e-03,  1.4205e-03],\n",
      "         [-3.6888e-04,  1.4205e-03, -1.4917e-03]],\n",
      "\n",
      "        [[-6.8593e-03,  6.6788e-04,  2.4143e-03],\n",
      "         [ 6.6788e-04, -3.8033e-03, -1.8351e-03],\n",
      "         [ 2.4143e-03, -1.8351e-03, -6.5185e-03]],\n",
      "\n",
      "        [[ 3.1348e-06,  2.7485e-05, -1.1885e-04],\n",
      "         [ 2.7485e-05, -1.0960e-04,  1.9210e-04],\n",
      "         [-1.1885e-04,  1.9210e-04, -4.3858e-04]],\n",
      "\n",
      "        [[-3.5766e-04, -4.7023e-04, -7.0036e-05],\n",
      "         [-4.7023e-04, -1.2284e-03,  2.9657e-05],\n",
      "         [-7.0036e-05,  2.9657e-05, -5.8948e-04]],\n",
      "\n",
      "        [[-4.9649e-03,  1.1607e-03,  5.6584e-03],\n",
      "         [ 1.1607e-03, -7.2488e-03,  1.9667e-03],\n",
      "         [ 5.6584e-03,  1.9667e-03, -2.6395e-02]],\n",
      "\n",
      "        [[-1.7067e-03,  2.6172e-03,  2.2806e-03],\n",
      "         [ 2.6172e-03, -2.8467e-02,  6.0589e-03],\n",
      "         [ 2.2806e-03,  6.0589e-03, -1.1780e-02]],\n",
      "\n",
      "        [[-1.1852e-02,  6.5265e-03, -1.9003e-03],\n",
      "         [ 6.5265e-03, -3.8968e-03,  1.1892e-03],\n",
      "         [-1.9003e-03,  1.1892e-03, -1.2635e-03]],\n",
      "\n",
      "        [[-5.6504e-03, -2.8467e-03, -6.5979e-03],\n",
      "         [-2.8467e-03, -2.5646e-03, -2.5450e-03],\n",
      "         [-6.5979e-03, -2.5450e-03, -9.0713e-03]],\n",
      "\n",
      "        [[-5.4592e-03,  2.4833e-03, -1.1416e-03],\n",
      "         [ 2.4833e-03, -2.9730e-02, -1.3582e-02],\n",
      "         [-1.1416e-03, -1.3582e-02, -2.9054e-02]]], dtype=torch.float64)}\n",
      "Did we optimize the system? True\n",
      "This is preoptimization energy 27.93240114847641\n",
      "This is postoptimization energy -0.10448868968429825\n"
     ]
    }
   ],
   "execution_count": 4
  },
  {
   "metadata": {
    "ExecuteTime": {
     "end_time": "2026-02-28T16:57:22.421399Z",
     "start_time": "2026-02-28T16:57:22.419311Z"
    }
   },
   "cell_type": "code",
   "source": "",
   "id": "7eef7bf2c45b8c46",
   "outputs": [],
   "execution_count": null
  }
 ],
 "metadata": {
  "kernelspec": {
   "display_name": "Python 3",
   "language": "python",
   "name": "python3"
  },
  "language_info": {
   "codemirror_mode": {
    "name": "ipython",
    "version": 2
   },
   "file_extension": ".py",
   "mimetype": "text/x-python",
   "name": "python",
   "nbconvert_exporter": "python",
   "pygments_lexer": "ipython2",
   "version": "2.7.6"
  }
 },
 "nbformat": 4,
 "nbformat_minor": 5
}
