{
 "cells": [
  {
   "cell_type": "code",
   "id": "initial_id",
   "metadata": {
    "collapsed": true,
    "ExecuteTime": {
     "end_time": "2026-02-27T21:40:53.539293634Z",
     "start_time": "2026-02-27T21:39:56.791738888Z"
    }
   },
   "source": [
    "import torch\n",
    "import ase\n",
    "import torch_sim as ts\n",
    "from ase import Atoms\n",
    "import numpy as np\n",
    "from torch_sim import fire_init, fire_step, gradient_descent_init, gradient_descent_step\n",
    "from fumi_tosi import FumiTosiModel\n",
    "from torch_sim.models.lennard_jones import LennardJonesModel\n",
    "# Based on combination of these:\n",
    "# https://pubs.aip.org/aip/jcp/article/130/4/044505/932975/Thermal-conductivity-of-molten-alkali-halides\n",
    "# https://www.sciencedirect.com/science/article/pii/S2352152X22007204\n",
    "\n",
    "# LiCl Salt Setup\n",
    "a = torch.tensor([0.421999990940094, 0.29010000824928284, 0.1581999957561493], device=torch.device('cuda'))\n",
    "c = torch.tensor([0.045570001006126404, 1.2484999895095825, 69.29000091552734], device=torch.device('cuda'))\n",
    "d = torch.tensor([0.018727000802755356, 1.4982000589370728, 139.2100067138672], device=torch.device('cuda'))\n",
    "licl_model = FumiTosiModel(\n",
    "    atomic_number_zi=3,                                # Atomic number of Li\n",
    "    ionic_charge_i= 1,                                 # ionic charge of Li\n",
    "    ionic_charge_j= -1,                                # ionic charge of Cl\n",
    "    sigma_ij= torch.tensor([1.632, 2.401, 3.170]),     # sigma_ij (in Å) for Li-Li, Li-Cl & Cl-Cl pairs\n",
    "    a=a,                                               # Aij (in eV)\n",
    "    b= torch.tensor([2.9200], device=torch.device('cuda')),                         # B (in Å^(-1))\n",
    "    c=c,                                                # Cij (in eV * Å^(6))\n",
    "    d=d,                                                # Dij (in eV * Å^8)\n",
    "    rc=7,                                               # radial cutoff (in Å)\n",
    "    device=torch.device('cuda'),\n",
    "    dtype=torch.float64,\n",
    "    compute_forces=True,\n",
    "    compute_stress=True,\n",
    "    per_atom_energies=True,\n",
    "    per_atom_stresses=True,\n",
    "    use_neighbor_list=True,\n",
    ")\n",
    "\n",
    "# Create a system with 20 LiCl particles\n",
    "positions = torch.randint(0, 10, (20,3)) * torch.rand(20, 3)\n",
    "symbols = ['Li']*10 + ['Cl']*10\n",
    "cell = [10,10,10]\n",
    "atoms = Atoms(symbols=symbols, positions=positions, cell=cell, pbc=True)\n",
    "licl_system = ts.initialize_state(atoms, device=torch.device('cuda'), dtype=torch.float64)\n",
    "\n",
    "licl_system = ts.integrate(\n",
    "    system=licl_system,\n",
    "    model= licl_model,\n",
    "    n_steps=5000,\n",
    "    temperature=600, # in kelvin\n",
    "    timestep=0.00001, # in ps\n",
    "    integrator=ts.Integrator.nve,\n",
    ")\n",
    "output = licl_model(licl_system)\n",
    "# Output has the following keys:\n",
    "# 'energy': total potential energy of the system, 'energies': atom-wise potential energy\n",
    "# 'forcees': per-atom force, 'stress': stress on the system, 'stresses': per-atom stress.\n",
    "print(output)\n",
    "\n",
    "licl_system = ts.runners.optimize(\n",
    "    system=licl_system,\n",
    "    model = licl_model,\n",
    "    optimizer= (fire_init, fire_step),\n",
    "    convergence_fn=ts.runners.generate_energy_convergence_fn(energy_tol=1e-6),\n",
    ")\n",
    "preoptimization_energy = output['energy'].item()\n",
    "postoptimization_energy = licl_model(licl_system)['energy'].item()\n",
    "print(\"Did we optimize the system?\", postoptimization_energy < preoptimization_energy)\n",
    "print(\"This is preoptimization energy\", preoptimization_energy)\n",
    "print(\"This is postoptimization energy\", postoptimization_energy)"
   ],
   "outputs": [
    {
     "name": "stdout",
     "output_type": "stream",
     "text": [
      "Warp DeprecationWarning: The symbol `warp.vec` will soon be removed from the public API. Use `warp.types.vector` instead.\n",
      "{'energy': tensor([28.5167], device='cuda:0', dtype=torch.float64), 'energies': tensor([0.7800, 0.2270, 4.5037, 1.5721, 8.2157, 0.0285, 0.7540, 0.2687, 6.1453,\n",
      "        0.0950, 0.3344, 7.7302, 0.5061, 7.8993, 1.7272, 1.3239, 0.9129, 4.8024,\n",
      "        4.4558, 4.7510], device='cuda:0', dtype=torch.float64), 'forces': tensor([[-2.9048e+00,  1.8486e+00,  1.6319e+00],\n",
      "        [-8.3624e-01,  1.9346e-01,  9.7907e-01],\n",
      "        [-2.4723e+01,  5.3607e+00,  5.5213e-01],\n",
      "        [ 5.6981e+00,  2.8584e+00,  9.0360e-01],\n",
      "        [ 8.6840e+00,  3.6120e+01, -4.4847e-01],\n",
      "        [-3.6133e-03, -9.8916e-02,  9.5993e-02],\n",
      "        [ 1.1818e+00, -3.3378e+00,  1.3215e+00],\n",
      "        [ 9.2618e-01,  2.9122e-02, -8.4377e-01],\n",
      "        [ 9.8839e-02, -1.7228e+01, -2.5995e+01],\n",
      "        [ 3.7741e-01, -2.6092e-01, -1.4613e-01],\n",
      "        [ 2.0696e+00,  5.5504e-01, -8.3409e-01],\n",
      "        [-1.0765e+00,  2.0661e+01,  1.8531e+01],\n",
      "        [-1.2973e+00, -3.8643e-01,  2.3668e+00],\n",
      "        [-1.4626e+01, -3.7109e+01,  5.7194e-01],\n",
      "        [ 8.3949e-01, -4.0184e+00,  8.7600e+00],\n",
      "        [-2.2678e-01,  1.5668e+00, -4.4970e+00],\n",
      "        [ 1.9707e+00, -1.0007e+00, -1.7178e+00],\n",
      "        [ 2.2742e+01, -5.9178e+00,  4.8765e-01],\n",
      "        [-1.5162e+01,  8.1926e+00, -1.4732e+01],\n",
      "        [ 1.6269e+01, -8.0277e+00,  1.3012e+01]], device='cuda:0',\n",
      "       dtype=torch.float64), 'stresses': tensor([[[-2.5465e-03,  1.8260e-03,  1.1644e-03],\n",
      "         [ 1.8260e-03, -1.7724e-03, -5.9102e-04],\n",
      "         [ 1.1644e-03, -5.9102e-04, -7.1960e-04]],\n",
      "\n",
      "        [[-5.0943e-04,  9.5289e-05,  5.6891e-04],\n",
      "         [ 9.5289e-05, -6.9578e-05, -1.5363e-04],\n",
      "         [ 5.6891e-04, -1.5363e-04, -7.0242e-04]],\n",
      "\n",
      "        [[-1.7643e-02,  3.8580e-03,  2.0149e-04],\n",
      "         [ 3.8580e-03, -8.6313e-04, -7.6685e-06],\n",
      "         [ 2.0149e-04, -7.6685e-06, -1.9412e-04]],\n",
      "\n",
      "        [[-5.4595e-03, -1.8418e-03,  1.2848e-03],\n",
      "         [-1.8418e-03, -1.3151e-03, -1.6720e-05],\n",
      "         [ 1.2848e-03, -1.6720e-05, -1.4764e-03]],\n",
      "\n",
      "        [[-6.6349e-03, -9.2056e-03,  5.7149e-04],\n",
      "         [-9.2056e-03, -2.2612e-02,  6.4182e-04],\n",
      "         [ 5.7149e-04,  6.4182e-04, -1.5267e-04]],\n",
      "\n",
      "        [[-3.8498e-05,  3.6861e-05,  1.2757e-05],\n",
      "         [ 3.6861e-05, -1.3722e-04,  7.8225e-05],\n",
      "         [ 1.2757e-05,  7.8225e-05, -9.3742e-05]],\n",
      "\n",
      "        [[-6.1529e-04,  9.5999e-04, -3.3642e-05],\n",
      "         [ 9.5999e-04, -3.0789e-03,  1.3880e-03],\n",
      "         [-3.3642e-05,  1.3880e-03, -1.2867e-03]],\n",
      "\n",
      "        [[-5.6607e-04, -2.5710e-05,  5.1043e-04],\n",
      "         [-2.5710e-05, -3.0008e-04, -2.1627e-04],\n",
      "         [ 5.1043e-04, -2.1627e-04, -8.0584e-04]],\n",
      "\n",
      "        [[-1.3457e-03, -9.1403e-04, -1.0489e-03],\n",
      "         [-9.1403e-04, -7.6803e-03, -1.0720e-02],\n",
      "         [-1.0489e-03, -1.0720e-02, -1.5756e-02]],\n",
      "\n",
      "        [[-4.1379e-04,  2.3292e-04,  1.6699e-04],\n",
      "         [ 2.3292e-04, -2.1374e-04, -1.4126e-04],\n",
      "         [ 1.6699e-04, -1.4126e-04, -1.6513e-04]],\n",
      "\n",
      "        [[-2.5170e-03, -6.2737e-04,  1.1718e-03],\n",
      "         [-6.2737e-04, -1.5177e-04,  2.4140e-04],\n",
      "         [ 1.1718e-03,  2.4140e-04, -5.7787e-04]],\n",
      "\n",
      "        [[-9.4381e-04, -1.0011e-03, -1.2119e-03],\n",
      "         [-1.0011e-03, -1.0721e-02, -5.9660e-03],\n",
      "         [-1.2119e-03, -5.9660e-03, -2.4332e-02]],\n",
      "\n",
      "        [[-1.2995e-03,  4.1538e-04,  1.3184e-03],\n",
      "         [ 4.1538e-04, -1.0478e-03,  5.1771e-04],\n",
      "         [ 1.3184e-03,  5.1771e-04, -2.8014e-03]],\n",
      "\n",
      "        [[-5.2476e-03, -1.0527e-02,  6.6396e-04],\n",
      "         [-1.0527e-02, -2.5303e-02,  1.1799e-03],\n",
      "         [ 6.6396e-04,  1.1799e-03, -2.6381e-04]],\n",
      "\n",
      "        [[-2.3096e-04,  3.6196e-04, -1.2032e-03],\n",
      "         [ 3.6196e-04, -2.0126e-03,  3.8434e-03],\n",
      "         [-1.2032e-03,  3.8434e-03, -9.4383e-03]],\n",
      "\n",
      "        [[-2.8372e-03,  5.0188e-04,  1.5654e-04],\n",
      "         [ 5.0188e-04, -3.9778e-03,  1.1173e-03],\n",
      "         [ 1.5654e-04,  1.1173e-03, -3.5253e-03]],\n",
      "\n",
      "        [[-3.3543e-03,  2.8090e-03,  1.1378e-03],\n",
      "         [ 2.8090e-03, -2.6470e-03, -4.6858e-04],\n",
      "         [ 1.1378e-03, -4.6858e-04, -9.7862e-04]],\n",
      "\n",
      "        [[-2.0046e-02,  3.1851e-03,  1.4409e-03],\n",
      "         [ 3.1851e-03, -1.0019e-03,  2.3911e-04],\n",
      "         [ 1.4409e-03,  2.3911e-04, -5.0436e-04]],\n",
      "\n",
      "        [[-9.6451e-03,  5.1542e-03, -9.1234e-03],\n",
      "         [ 5.1542e-03, -2.7951e-03,  4.9794e-03],\n",
      "         [-9.1234e-03,  4.9794e-03, -9.1321e-03]],\n",
      "\n",
      "        [[-1.0458e-02,  5.3158e-03, -8.1737e-03],\n",
      "         [ 5.3158e-03, -3.1860e-03,  4.9933e-03],\n",
      "         [-8.1737e-03,  4.9933e-03, -1.0086e-02]]], device='cuda:0',\n",
      "       dtype=torch.float64)}\n",
      "Did we optimize the system? True\n",
      "This is preoptimization energy 28.51665652350592\n",
      "This is postoptimization energy -0.10888672200715999\n"
     ]
    }
   ],
   "execution_count": 1
  },
  {
   "metadata": {
    "ExecuteTime": {
     "end_time": "2026-02-27T21:40:53.564886033Z",
     "start_time": "2026-02-27T21:40:53.542287035Z"
    }
   },
   "cell_type": "code",
   "source": "",
   "id": "7eef7bf2c45b8c46",
   "outputs": [],
   "execution_count": 1
  }
 ],
 "metadata": {
  "kernelspec": {
   "display_name": "Python 3",
   "language": "python",
   "name": "python3"
  },
  "language_info": {
   "codemirror_mode": {
    "name": "ipython",
    "version": 2
   },
   "file_extension": ".py",
   "mimetype": "text/x-python",
   "name": "python",
   "nbconvert_exporter": "python",
   "pygments_lexer": "ipython2",
   "version": "2.7.6"
  }
 },
 "nbformat": 4,
 "nbformat_minor": 5
}
